X:x|x,x,x,x,x,x|000000
0:0|0,0,0,0,0,0|000000
C:C|x,3,2,0,1,0|032010
C(1):C(1)|x,3,5,5,5,3|012341
C(2):C(2)|8,10,10,9,8,8|134211
C5(0):C5(0)|x,3,5,5,x,x|013300
C7(0):C7(0)|x,3,2,3,1,0|032410
C7(1):C7(1)|x,3,5,3,5,3|013141
C7(2):C7(2)|x,3,5,3,5,6|012134
C7(3):C7(3)|8,10,8,9,8,8|131211
C7(4):C7(4)|8,10,8,9,11,8|131241
Cm:Cm|x,3,5,5,4,3|013421
Cm(1):Cm(1)|8,10,10,8,8,8|134111
Cm7:Cm7|x,3,5,3,4,3|013121
Cm7(1):Cm7(1)|x,3,5,3,4,6|013124
Cm7(2):Cm7(2)|8,10,8,8,8,8|131111
Cm7(3):Cm7(3)|8,10,8,8,11,8|131141
Cm7(4):Cm7(4)|8,10,8,8,8,11|131114
C#:C#|x,4,3,1,2,1|043121
C#(1):C#(1)|x,4,6,6,6,4|012341
C#(2):C#(2)|9,11,11,10,9,9|134211
C#m:C#m|x,4,6,6,5,4|013421
C#m(1):C#m(1)|9,11,11,9,9,9|134111
C#m(2):C#m(2)|x,4,6,6,x,x|013300
C#5:C#5|x,4,6,6,x,x|013300
C#7:C#7|x,4,6,4,6,4|013141
C#7(1):C#7(1)|x,4,6,4,6,7|012134
C#7(2):C#7(2)|9,11,9,10,9,9|131211
C#7(3):C#7(3)|9,11,9,10,12,9|131241
Cm7:C#m7|x,4,6,4,5,4|013121
Cm7(1):C#m7(1)|x,4,6,4,5,7|013124
Cm7(2):C#m7(2)|9,11,9,9,9,9|131111
Cm7(3):C#m7(3)|9,11,9,9,12,9|131141
Cm7(4):C#m7(4)|9,11,9,9,9,12|131114
D:D|x,x,0,2,3,2|000121
D(1):D(1)|x,5,7,7,7,5|012341
D(2):D(2)|10,12,12,11,10,10|134211
D5(0):D5(0)|x,5,7,7,x,x|013300
D7(0):D7(0)|x,x,0,2,1,2|000213
D7(1):D7(1)|x,5,7,5,7,5|013141
D7(2):D7(2)|x,5,7,5,7,8|012134
D7(3):D7(3)|10,12,10,11,10,10|131211
D7(4):D7(4)|10,12,10,11,13,10|131241
Dm:Dm|x,x,0,2,3,1|000231
Dm(1):Dm(1)|x,5,7,7,6,5|013421
Dm(2):Dm(2)|10,12,12,10,10,10|134111
Dm7:Dm7|x,5,7,5,6,5|013121
Dm7(1):Dm7(1)|x,5,7,5,6,8|013124
Dm7(2):Dm7(2)|10,12,10,10,10,10|131111
Dm7(3):Dm7(3)|10,12,10,10,13,10|131141
Dm7(4):Dm7(4)|10,12,10,10,10,13|131114
D#:D#|x,x,1,3,4,3|001343
D#(1):D#(1)|x,6,8,8,8,6|012341
D#(2):D#(2)|11,13,13,12,11,11|134211
D#m:D#m|x,6,8,8,7,6|x13421
D#m(1):D#m(1)|11,13,13,11,11,11|134111
D#5:D#5|x,6,8,8,x,x|013300
D#7:D#7|x,x,1,3,2,3|001324
D#7(1):D#7(1)|x,6,8,6,8,6|013141
D#7(2):D#7(2)|x,6,8,6,8,9|012134
D#7(3):D#7(3)|11,13,11,12,11,11|131211
D#7(4):D#7(4)|11,13,11,12,14,11|131241
D#m7:D#m7|x,6,8,6,7,6|x13121
D#m7(1):D#m7(1)|x,6,8,6,7,9|x13124
D#m7(2):D#m7(2)|11,13,11,11,11,11|131111
D#m7(3):D#m7(3)|11,13,11,11,14,11|131141
D#m7(4):D#m7(4)|11,13,11,11,11,14|131114
E:E|0,2,2,1,0,0|023100
E(1):E(1)|x,7,9,9,9,7|012341
E5(0):E5(0)|0,2,2,x,x,x|011000
E5(1):E5(1)|x,7,9,9,x,x|013300
Em:Em|0,2,2,0,0,0|023000
Em(1):Em(1)|0,7,9,9,8,7|013421
Em7:Em7|x,7,9,7,8,7|013121
Em7(1):Em7(1)|x,7,9,7,8,10|013124
Em7(2):Em7(2)|0,2,0,0,0,0|020000
Em7(3):Em7(3)|0,2,0,0,0,3|020004
Em7(4):Em7(4)|0,2,0,0,3,0|020040
E7(0):E7(0)|0,2,0,1,0,0|020100
E7(1):E7(1)|0,2,2,1,3,0|023140
E7(2):E7(2)|x,7,9,7,9,7|013141
E7(3):E7(3)|x,7,9,7,9,10|012134
E7(4):E7(4)|12,14,12,13,15,12|131241
F:F|1,3,3,2,1,1|134211
F(1):F(1)|1,0,3,2,1,1|T03211
F(2):F(2)|x,8,10,10,10,8|012341
F5(0):F5(0)|1,3,3,x,x,x|133000
F5(1):F5(1)|x,8,10,10,x,x|013300
F7(0):F7(0)|1,0,1,2,1,1|T01211
F7(1):F7(1)|1,3,1,2,1,1|131211
F7(2):F7(2)|1,3,1,2,4,1|131241
F7(3):F7(3)|x,8,10,8,10,8|013141
Fm:Fm|1,3,3,1,1,1|134111
Fm(1):Fm(1)|x,8,10,10,9,8|013421
Fm7:Fm7|1,3,1,1,1,1|131111
Fm7(1):Fm7(1)|1,3,1,1,1,4|131114
Fm7(2):Fm7(2)|1,3,1,1,4,1|131141
F#:F#|2,4,4,3,2,2|134211
F#(1):F#(1)|x,x,4,3,2,2|003211
F#(2):F#(2)|x,9,11,11,11,9|012341
F#m:F#m|2,4,4,2,2,2|134111
F#m(1):F#m(1)|0,9,11,11,10,9|013421
F#5:F#5|2,4,4,x,x,x|133000
F#5(1):F#5(1)|x,9,11,11,x,x|013300
F#7:F#7|2,4,2,3,2,2|131211
F#7(1):F#7(1)|2,4,2,3,5,2|131241
F#7(2):F#7(2)|x,9,11,9,11,9|013141
F#m7:F#m7|2,0,2,2,2,0|102340
F#m7(1):F#m7(1)|2,4,2,2,2,2|131111
F#m7(2):F#m7(2)|2,4,2,2,2,5|131114
F#m7(3):F#m7(3)|2,4,2,2,5,2|131141
G:G|3,2,0,0,0,3|210003
G(1):G(1)|3,2,0,0,3,3|210034
G(2):G(2)|3,5,5,4,3,3|134211
G(3):G(3)|x,10,12,12,12,10|012341
G5(0):G5(0)|3,5,5,x,x,x|133000
G5(1):G5(1)|x,10,12,12,x,x|013300
G7(0):G7(0)|3,2,0,0,0,1|320001
G7(1):G7(1)|3,5,3,4,3,3|131211
G7(2):G7(2)|3,5,3,4,6,3|131241
G7(3):G7(3)|x,10,12,10,12,10|013141
Gm:Gm|3,5,5,3,3,3|134111
Gm(1):Gm(1)|x,10,12,12,11,10|013421
Gm7:Gm7|3,5,3,3,3,3|131111
Gm7(1):Gm7(1)|3,5,3,3,3,6|131114
Gm7(2):Gm7(2)|3,5,3,3,6,3|131141
G#:G#|4,6,6,5,4,4|134211
G#(1):G#(1)|x,11,13,13,13,11|012341
G#m:G#m|4,6,6,4,4,4|134111
G#m(1):G#m(1)|x,11,13,13,12,11|013421
G#5:G#5|4,6,6,x,x,x|133000
G#5(1):G#5(1)|x,11,13,13,x,x|013300
G#7:G#7|4,6,4,5,4,4|131211
G#7(1):G#7(1)|4,6,4,5,7,4|131241
G#7(2):G#7(2)|x,11,13,11,13,11|013141
G#m7:G#m7|4,6,4,4,4,4|131111
G#m7(1):G#m7(1)|4,6,4,4,4,7|131114
G#m7(2):G#m7(2)|4,6,4,4,7,4|131141
G#:G#|4,6,6,5,4,4|134211
G#(1):G#(1)|x,11,13,13,13,11|012341
G#m:G#m|4,6,6,4,4,4|134111
G#m(1):G#m(1)|x,11,13,13,12,11|013421
G#5:G#5|4,6,6,x,x,x|133000
G#5(1):G#5(1)|x,11,13,13,x,x|013300
G#7:G#7|4,6,4,5,4,4|131211
G#7(1):G#7(1)|4,6,4,5,7,4|131241
G#7(2):G#7(2)|x,11,13,11,13,11|013141
G#m7:G#m7|4,6,4,4,4,4|131111
G#m7(1):G#m7(1)|4,6,4,4,4,7|131114
G#m7(2):G#m7(2)|4,6,4,4,7,4|131141
A:A|x,0,2,2,2,0|002340
A(1):A(1)|5,7,7,6,5,5|134211
A5(0):A5(0)|x,0,2,2,x,x|001100
A5(1):A5(1)|5,7,7,x,x,x|133000
A7(0):A7(0)|x,0,2,0,2,0|002030
A7(1):A7(1)|x,0,2,0,2,3|001023
A7(2):A7(2)|5,7,5,6,5,5|131211
A7(3):A7(3)|5,7,5,6,8,5|131241
Am:Am|x,0,2,2,1,0|002310
Am(1):Am(1)|5,7,7,5,5,5|134111
Am7:Am7|x,0,2,0,1,0|002010
Am7(1):Am7(1)|x,0,2,2,1,3|002314
Am7(2):Am7(2)|5,7,5,5,5,5|131111
Am7(3):Am7(3)|5,7,5,5,8,5|131141
Am7(4):Am7(4)|5,7,5,5,5,8|131114
A#:A#|x,1,3,3,3,1|012341
A#(1):A#(1)|6,8,8,7,6,6|134211
A#m:A#m|x,1,3,3,2,1|013421
A#m(1):A#m(1)|6,8,8,6,6,6|134111
A#5:A#5|6,8,8,x,x,x|133000
A#7:A#7|x,1,3,1,3,1|013141
A#7(1):A#7(1)|x,1,3,1,3,4|012134
A#7(2):A#7(2)|6,8,6,7,6,6|131211
A#7(3):A#7(3)|6,8,6,7,9,6|131241
A#m7:A#m7|x,1,3,1,2,1|013121
A#m7(1):A#m7(1)|x,1,3,1,2,4|013124
A#m7(2):A#m7(2)|6,8,6,6,6,6|131111
A#m7(3):A#m7(3)|6,8,6,6,9,6|131141
A#m7(4):A#m7(4)|6,8,6,6,6,9|131114
B:B|x,2,4,4,4,2|012341
B(1):B(1)|7,9,9,8,7,7|134211
B5(0):B5(0)|x,2,4,4,x,x|013300
Bm:Bm|x,2,4,4,3,2|013421
Bm(1):Bm(1)|7,9,9,7,7,7|134111
Bm7:Bm7|x,2,4,2,3,2|013121
Bm7(1):Bm7(1)|x,2,4,2,3,5|013124
Bm7(2):Bm7(2)|7,9,7,7,7,7|131111
Bm7(3):Bm7(3)|7,9,7,7,10,7|131141
Bm7(4):Bm7(4)|7,9,7,7,7,10|131114
B7(0):B7(0)|x,2,1,2,0,2|021304
B7(1):B7(1)|x,2,4,2,4,2|013141
B7(2):B7(2)|x,2,4,2,4,5|012134
B7(3):B7(3)|7,9,7,8,7,7|131211
B7(4):B7(4)|7,9,7,8,10,7|131241